8.53761451024936 3.42436310134623 2.34658734087685 7.01587754107243 4.90610710939267 1.41794383794206 2.12456127741573 1.68043392768738 0.479298197573381
3.42436310134623 14.4223013919869 2.83107972606854 2.84387264850028 6.55962655268744 4.54750671515654 1.17282374105377 1.06366511460036 1.98948173965893
2.34658734087685 2.83107972606854 14.4318288662889 6.23100637882969 3.7097485631552 4.4935012224008 2.30174317878263 1.64492095822756 2.3651908235719
7.01587754107243 2.84387264850028 6.23100637882969 12.7130404878284 5.77732757478244 3.8300646747889 3.56540763331908 2.41349293112243 1.68080274305248
4.90610710939266 6.55962655268744 3.7097485631552 5.77732757478244 8.14235816765083 4.33917219245887 2.73687467456335 2.53511031691692 2.16496031059695
1.41794383794206 4.54750671515654 4.4935012224008 3.8300646747889 4.33917219245887 6.89445359353728 4.03332712009951 2.77372584006801 2.75752246954439
2.12456127741573 1.17282374105377 2.30174317878263 3.56540763331908 2.73687467456335 4.03332712009951 7.03289252172544 4.86836126350968 3.68926326709658
1.68043392768738 1.06366511460036 1.64492095822756 2.41349293112243 2.53511031691692 2.77372584006801 4.86836126350968 8.91390163181941 5.73985770084172
0.479298197573381 1.98948173965893 2.3651908235719 1.68080274305248 2.16496031059695 2.75752246954439 3.68926326709658 5.73985770084172 5.69306878616879
